name: ffstruc2vec-env
channels:
  - conda-forge
  - defaults
dependencies:
  - aws-c-auth=0.9.1=h06c2b12_7
  - aws-c-cal=0.9.10=ha82e055_1
  - aws-c-common=0.12.5=hfd05255_1
  - aws-c-compression=0.3.1=h83e01e5_8
  - aws-c-event-stream=0.5.6=h3116ff1_6
  - aws-c-http=0.10.7=h52d8906_4
  - aws-c-io=0.23.3=h6f46d10_3
  - aws-c-mqtt=0.13.3=h9821516_10
  - aws-c-s3=0.10.1=he380ad5_2
  - aws-c-sdkutils=0.2.4=h83e01e5_3
  - aws-checksums=0.2.7=h83e01e5_4
  - aws-crt-cpp=0.35.2=h1a9a3a2_4
  - aws-sdk-cpp=1.11.606=h6446450_7
  - bzip2=1.0.8=h2bbff1b_6
  - c-ares=1.34.5=h2466b09_0
  - ca-certificates=2025.11.12=h4c7d964_0
  - expat=2.7.3=h9214b88_0
  - krb5=1.21.3=hdf4eb48_0
  - libabseil=20250512.1=cxx17_habfad5f_0
  - libarrow=21.0.0=h117da51_12_cpu
  - libarrow-acero=21.0.0=h7d8d6a5_12_cpu
  - libarrow-compute=21.0.0=h2db994a_12_cpu
  - libarrow-dataset=21.0.0=h7d8d6a5_12_cpu
  - libarrow-substrait=21.0.0=hf865cc0_12_cpu
  - libbrotlicommon=1.2.0=hc82b238_0
  - libbrotlidec=1.2.0=h431afc6_0
  - libbrotlienc=1.2.0=ha521d6b_0
  - libcrc32c=1.1.2=h0e60522_0
  - libcurl=8.17.0=h43ecb02_0
  - libevent=2.1.12=h3671451_1
  - libffi=3.4.4=hd77b12b_1
  - libgoogle-cloud=2.39.0=h19ee442_0
  - libgoogle-cloud-storage=2.39.0=he04ea4c_0
  - libgrpc=1.73.1=h317e13b_1
  - libparquet=21.0.0=h7051d1f_12_cpu
  - libprotobuf=6.31.1=hdcda5b4_2
  - libre2-11=2025.11.05=h0eb2380_0
  - libssh2=1.11.1=h9aa295b_0
  - libthrift=0.22.0=h23985f6_1
  - libutf8proc=2.11.1=hb980946_0
  - libzlib=1.3.1=h02ab6af_0
  - lz4-c=1.10.0=h2466b09_1
  - openssl=3.6.0=h725018a_0
  - orc=2.2.1=h7414dfc_0
  - pip=25.3=pyhc872135_0
  - pyarrow=21.0.0=py39hcbf5309_0
  - pyarrow-core=21.0.0=py39hca79ef2_0_cpu
  - python=3.9.25=h716150d_1
  - python_abi=3.9=2_cp39
  - re2=2025.11.05=ha104f34_0
  - setuptools=80.9.0=py39haa95532_0
  - snappy=1.2.2=h7fa0ca8_1
  - sqlite=3.51.0=hda9a48d_0
  - tk=8.6.15=hf199647_0
  - tzdata=2025b=h04d1e81_0
  - ucrt=10.0.22621.0=haa95532_0
  - vc=14.3=h2df5915_10
  - vc14_runtime=14.44.35208=h4927774_10
  - vs2015_runtime=14.44.35208=ha6b5a95_10
  - wheel=0.45.1=py39haa95532_0
  - xz=5.6.4=h4754444_1
  - zlib=1.3.1=h02ab6af_0
  - zstd=1.5.7=hbeecb71_2
  - pip:
      - cloudpickle==3.1.2
      - colorama==0.4.6
      - contourpy==1.3.0
      - cycler==0.12.1
      - fastdtw==0.3.4
      - fonttools==4.60.1
      - future==1.0.0
      - gensim==4.3.1
      - hyperopt==0.2.7
      - joblib==1.5.2
      - kiwisolver==1.4.7
      - matplotlib==3.6.3
      - networkx==2.8.8
      - numpy==1.23.5
      - packaging==25.0
      - pandas==1.5.3
      - pillow==11.3.0
      - py4j==0.10.9.9
      - pyparsing==3.2.5
      - python-dateutil==2.9.0.post0
      - pytz==2025.2
      - scikit-learn==1.1.3
      - scipy==1.10.1
      - six==1.17.0
      - smart-open==7.5.0
      - threadpoolctl==3.6.0
      - tqdm==4.67.1
      - wrapt==2.0.1
      - xgboost==1.4.2
prefix: C:\Users\Megaport\anaconda3\envs\ffstruc2vec-env
